#heatmap
!legendTitle	Butyrate pathway
!showLegends	1
#!defaultStrokeColor	pink
#!defaultStrokeWidth	2
!colorgradient	grey, blue
!colorgradientMarkLabel	0,1
# -- heatmap column labels --
!showHeatMapColumnLabel	1
!heatmapColumnLabels	Thl,Hdb,Cro,Bcd,But,Ptb,Buk
# -- heatmap --
!heatmap	colwidth=100
GCA_900248245	1,1,1,1,0,1,1
GCA_003584705	1,1,1,1,0,1,1
GCA_014337175	1,1,1,1,0,1,1
13414_6_67	1,1,1,1,0,1,1
13470_2_92	1,1,1,1,0,1,1
18048_1_81	1,1,1,1,0,1,1
18048_1_87	1,1,1,1,0,1,1
18048_2_81	1,1,1,1,0,1,1
18048_2_87	1,1,1,1,0,1,1
20287_6_17	1,1,1,1,0,1,1
AF22-6AC	1,1,1,1,0,1,1
AF34-10BH	1,1,1,1,0,1,1
AF36-18BH	1,1,1,1,0,1,1
AF46-12NS	1,1,1,1,0,1,1
AF46-9NS	1,1,1,1,0,1,1
AM34-9AC	1,1,1,1,0,1,1
AM59-13	1,1,1,1,0,1,1
OM08-11AC	1,1,1,1,0,1,1
TF08-15	1,1,1,1,0,1,1
TM11-1A	1,1,1,1,0,1,1
GCA_900209925	1,1,1,1,1,0,0
GCA_018140635	1,1,1,1,1,0,0
GCA_000173975	1,1,1,1,1,0,0
GCA_001405175	1,1,1,1,1,0,0
GCA_001406155	1,1,1,1,1,0,0
GCA_016586395	1,1,1,1,1,0,0
GCA_009697165	1,1,1,1,1,0,0
12718_7_76	1,1,1,1,1,0,0
12718_7_83	1,1,1,1,1,0,0
13414_6_29	1,1,1,1,1,0,0
14207_7_6	1,1,1,1,1,0,0
14207_7_87	1,1,1,1,1,0,0
AF31-17AC	1,1,1,1,1,0,0
AF45-14BH	1,1,1,1,1,0,0
AM34-3LB	1,1,1,1,1,0,0
AM48-23BH	1,1,1,1,1,0,0
AM59-17XD-r	1,1,1,1,1,0,0
TM10-1AC	1,1,1,1,1,0,0
GCA_000210555	1,1,1,1,1,0,0
GCA_001404315	1,1,1,1,0,1,1
GCA_001406175	1,1,1,1,0,1,1
GCA_001405115	1,1,1,1,0,1,1
GCA_001404675	1,1,1,1,0,1,1
GCA_000154425	1,1,1,1,0,1,1
GCA_016586415	1,1,1,1,0,1,1
GCA_013301435	1,1,1,1,0,1,1
GCA_013299605	1,1,1,1,0,1,1
GCA_013300105	1,1,1,1,0,1,1
GCA_013301405	1,1,1,1,0,1,1
GCA_014287735	1,1,1,1,0,1,1
GCA_009875795	1,1,1,1,0,1,1
GCA_009875825	1,1,1,1,0,1,1
12718_7_47	1,1,1,1,0,1,1
18048_1_63	1,1,1,1,0,1,1
18048_2_63	1,1,1,1,0,1,1
20287_6_25	1,1,1,1,1,0,0
21673_4_18	1,1,1,1,1,0,0
13414_6_3	1,1,1,1,0,1,1
GCF_000154245	1,1,1,1,0,1,1
AF15-31	1,1,1,1,0,1,1
AF15-41	1,1,1,1,0,1,1
AF16-22	1,1,1,1,0,1,1
AF16-5	1,1,1,1,0,1,1
AF17-13	1,1,1,1,0,1,1
AF17-2	1,1,1,1,0,1,1
AF17-21AC	1,1,1,1,0,1,1
AF19-8AC	1,1,1,1,0,1,1
AF22-21	1,1,1,1,0,1,1
AF22-4AC	1,1,1,1,0,1,1
AF23-6LB	1,1,1,1,0,1,1
AF25-24	1,1,1,1,1,0,0
AF38-1	1,1,1,1,0,1,1
AF45-17	1,1,1,1,1,0,0
AF52-12b2	1,1,1,1,0,1,1
AF63-7pH9-A	1,1,1,1,0,1,1
AF99-32	1,1,1,1,0,1,1
AM100_B1_18_1A	1,1,1,1,1,0,0
AM14-16	1,1,1,1,0,1,1
AM28-39	1,1,1,1,1,0,0
AM46-21	1,1,1,1,0,1,1
AM54-14XD	1,1,1,1,0,1,1
AM54-37XD	1,1,1,1,0,1,1
OF10-22XD	1,1,1,1,0,1,1
OF12-5	1,1,1,1,0,1,1
OF27-16pH10A	1,1,1,1,0,1,1
OM04-5BH	1,1,1,1,0,1,1
OM05-9	1,1,1,1,0,1,1
OM06-25	1,1,1,1,0,1,1
OM06-34AC	1,1,1,1,0,1,1
OM15-82A	1,1,1,1,0,1,1
TF11-13	1,1,1,1,0,1,1
TM14-13A	1,1,1,1,1,0,0
GCA_003363435	1,1,1,1,1,0,0
GCA_015556105	1,1,1,1,0,1,1
GCA_015554215	1,1,1,1,0,1,1
GCA_015558505	1,1,1,1,0,1,1
GCA_015547305	1,1,1,1,0,1,1
GCA_015553595	1,1,1,1,0,1,1
GCA_001404595	1,1,1,1,0,1,1
GCA_001406395	1,1,1,1,0,1,1
GCA_001405795	1,1,1,1,0,1,1
GCA_001404815	1,1,1,1,0,1,1
GCA_000155875	1,1,1,1,0,1,1
GCA_015548425	1,1,1,1,0,1,1
GCA_015556185	1,1,1,1,0,1,1
GCA_015548735	1,1,1,1,0,1,1
GCA_015552615	1,1,1,1,0,1,1
GCA_015554465	1,1,1,1,0,1,1
GCA_015552445	1,1,1,1,0,1,1
GCA_015560155	1,1,1,1,0,1,1
GCA_015554275	1,1,1,1,0,1,1
GCA_015550485	1,1,1,1,0,1,1
GCA_013361125	1,1,1,1,0,1,1
GCA_016904155	1,1,1,1,0,1,1
GCA_015549285	1,1,1,1,0,1,1
GCA_013301605	1,1,1,1,0,1,1
GCA_013301565	1,1,1,1,0,1,1
GCA_013301545	1,1,1,1,0,1,1
GCA_013301505	1,1,1,1,0,1,1
GCA_013301515	1,1,1,1,0,1,1
GCA_013301525	1,1,1,1,0,1,1
GCA_013301475	1,1,1,1,0,1,1
GCA_013300745	1,1,1,1,0,1,1
GCA_013299755	1,1,1,1,0,1,1
GCA_013300725	1,1,1,1,0,1,1
GCA_013301465	1,1,1,1,0,1,1
GCA_013300635	1,1,1,1,0,1,1
GCA_013299745	1,1,1,1,0,1,1
GCA_013300605	1,1,1,1,0,1,1
GCA_013299685	1,1,1,1,0,1,1
GCA_013299665	1,1,1,1,0,1,1
GCA_013300315	1,1,1,1,0,1,1
GCA_013299545	1,1,1,1,0,1,1
GCA_013300465	1,1,1,1,0,1,1
GCA_013300095	1,1,1,1,0,1,1
GCA_013299925	1,1,1,1,0,1,1
GCA_013300805	1,1,1,1,0,1,1
GCA_900086725	1,1,1,1,0,1,1
13470_2_57	1,1,1,1,0,1,1
18048_1_65	1,1,1,1,0,1,1
18048_2_65	1,1,1,1,0,1,1
GF3HA05001B	1,1,1,1,0,1,1
AF16-31	1,1,1,1,0,1,1
AF18-12LB	1,1,1,1,0,1,1
AF51-11b1	1,1,1,1,0,1,1
AF99-45	1,1,1,1,0,1,1
AM100_B19A	1,1,1,1,0,1,1
AM11-30B	1,1,1,1,0,1,1
AM22-12LB	1,1,1,1,0,1,1
AM23-3	1,1,1,1,0,1,1
AM97-35	1,1,1,1,0,1,1
LG101-27	1,1,1,1,0,1,1
TF06-38A	1,1,1,1,0,1,1
TM07-19	1,1,1,1,0,1,1
BF3HA28004B	1,1,1,1,0,1,1
PF3HA28002B	1,1,1,1,0,1,1
GCA_004340975	1,1,1,1,1,0,0
GCA_014202115	1,1,1,1,1,0,1
20298_3_59	1,1,1,1,1,0,1
GCA_900199595	1,1,1,1,0,1,1
GCA_000703065	1,1,1,1,0,1,1
GCA_000687975	1,1,1,1,0,1,1
GCA_000702245	1,1,1,1,0,1,1
GCA_000702845	1,0,0,1,1,0,0
GCA_900110635	1,1,1,1,0,1,1
GCA_000687695	1,1,1,1,1,0,0
GCA_000687655	1,1,1,1,0,1,1
AF10-20	1,1,1,1,0,1,1
AF15-50	1,1,1,1,0,1,1
AF16-48	1,1,1,1,0,1,1
AF17-7	1,1,1,1,0,1,1
AF19-12LB	1,1,1,1,0,1,1
AF34-35BH	1,1,1,1,0,1,1
AF36-4	1,1,1,1,1,0,0
AF36-5BH	1,1,1,1,0,1,1
AF37-4	1,1,1,1,0,1,1
AF37-5	1,1,1,1,1,0,0
AF99-11	1,1,1,1,1,0,1
AM23-22	1,1,1,1,0,1,1
AM32-23AC	1,1,1,1,0,1,1
AM40-7BH	1,1,1,1,0,1,1
AM42-30	1,1,1,1,0,1,1
AM43-2	1,1,1,1,0,1,1
AM44-11BH	1,1,1,1,0,1,1
AM53-3	1,1,1,1,0,1,1
AM53-6	1,1,1,1,1,0,0
AM59-42XD-r	1,1,1,1,0,1,1
AM67-19LNA	1,1,1,1,1,0,1
OF09-6XD	1,1,1,1,0,1,1
OF14-22SRA	1,1,1,1,0,1,1
OF14-2A	1,1,1,1,0,1,1
OM02-15	1,1,1,1,1,0,1
TM12-19A	1,1,1,1,0,1,1
GCA_000732725	1,1,1,1,0,1,1
GCA_004345255	1,1,1,1,0,1,1
GCA_000403275	1,1,1,0,0,1,1
GCA_009911195	1,1,1,1,0,1,1
GCA_001717125	1,1,1,1,0,1,1
GCA_001881565	1,1,1,1,0,1,1
GCA_001722575	1,1,1,1,0,1,1
GCA_001722585	1,1,1,1,0,1,1
GCA_001722635	1,1,1,1,0,1,1
GCA_001717135	1,1,1,1,0,1,1
GCA_001722655	1,1,1,1,0,1,1
GCA_900243045	1,1,1,1,0,1,1
GCA_002180435	1,1,1,1,0,1,1
GCA_000218405	1,1,1,1,0,1,1
GCA_900113595	1,1,1,1,0,1,1
GCA_000471825	1,1,1,1,0,1,1
GCA_000471745	1,1,1,1,0,1,1
11861_6_91	1,1,1,1,0,1,1
12718_7_73	1,1,1,1,0,1,1
GCF_000466465	1,1,1,1,0,1,1
GCF_000820745	1,1,1,1,0,1,1
1232457.3	1,1,1,1,0,1,1
1232458.3	1,1,1,1,0,1,1
14207_7_45	1,1,1,1,0,1,1
18048_1_69	1,1,1,1,0,1,1
18048_2_69	1,1,1,1,0,1,1
AF16-15	1,1,1,1,0,1,1
AF26-4BH	1,1,1,1,0,1,1
AF36-19BH	1,1,1,1,0,1,1
AF53-12MH-2A	1,1,1,1,0,1,1
AF73-11pH9TA	1,1,1,1,0,1,1
AM46-4BH	1,1,1,1,0,1,1
OF01-20	1,1,1,1,0,1,1
OM02-3	1,1,1,1,0,1,1
OM02-31	1,1,1,1,0,1,1
TF05-5AC	1,1,1,1,0,1,1
TF09-5	1,1,1,1,0,1,1
TM09-10	1,1,1,1,0,1,1
GCA_011317135	1,1,0,1,0,0,1
GCA_013304305	1,1,0,1,0,0,1
GCA_000158075	0,0,0,1,0,0,0
GCA_015557875	1,0,0,1,0,1,1
GCA_015547745	1,0,0,1,0,1,1
GCA_015558345	1,0,0,1,0,0,1
GCA_000371725	1,1,0,1,0,1,1
GCA_000371705	1,0,0,1,0,1,1
GCA_000371685	1,0,0,1,0,1,1
GCA_000371665	1,1,0,1,0,1,1
GCA_000371645	1,0,0,1,0,1,1
GCA_002234575	1,1,0,1,0,1,1
GCA_013112035	1,1,0,1,0,1,1
GCA_015551555	1,1,0,1,0,1,1
GCA_015556085	1,1,0,1,0,1,1
GCA_016889665	1,1,0,1,0,1,1
GCA_001078425	1,1,0,1,0,1,1
GCA_900115855	1,0,0,1,0,0,1
GCA_015548445	1,0,0,1,0,0,1
GCA_000233455	1,0,0,1,0,0,1
GCA_001078435	1,0,0,1,0,0,1
GCA_013304275	1,1,1,1,1,0,1
GCA_013304255	1,1,0,1,0,0,0
GCA_013304205	1,1,1,1,1,0,1
GCA_013304245	1,1,1,1,1,0,1
GCA_013304225	1,1,1,1,1,0,1
GCA_013299965	1,1,1,1,1,0,1
GCA_013304185	1,1,1,1,1,0,1
GCA_013304155	1,1,1,1,1,0,1
GCA_013304125	1,1,1,1,1,0,1
GCA_000371605	1,1,1,1,1,0,1
GCA_000371585	1,1,1,1,1,0,1
GCA_000371565	1,1,1,1,1,0,1
GCA_000371545	1,1,1,1,1,0,1
GCA_000371525	1,1,0,1,0,1,1
GCA_000371505	1,1,0,1,0,0,0
GCA_000371485	1,1,1,1,1,0,1
GCA_015548065	1,1,0,1,0,0,0
GCA_005844705	1,1,0,1,0,0,0
GCA_000234155	1,1,0,1,0,0,1
GCA_001405335	1,1,0,1,0,0,0
GCA_000424325	1,1,1,1,0,0,0
GCA_900113155	1,1,0,1,0,0,0
GCA_000371405	1,1,1,1,1,0,1
GCA_012273195	1,1,0,1,0,0,1
GCA_015669475	1,0,0,1,0,0,0
GCA_006538465	1,1,0,1,0,0,1
GCA_900447015	1,1,0,1,0,0,0
GCA_900100685	1,1,0,1,0,0,0
GCA_900108895	1,1,0,1,0,0,0
GCA_001078445	1,1,1,1,1,0,1
GCA_016696785	1,1,1,1,1,0,0
GCA_003024655	0,0,0,1,0,0,0
GCA_900102595	0,0,0,1,0,0,1
GCA_001688665	1,1,1,1,1,0,0
11861_6_93	1,1,1,1,1,0,1
12718_7_79	1,1,0,1,0,0,0
13470_2_56	1,0,0,1,0,0,1
14207_6_14	1,1,1,1,0,0,0
18391_1_2	1,0,0,1,0,0,0
21673_4_35	1,0,0,1,0,0,1
GCF_000154365	1,1,0,1,0,1,1
1232444.3	0,0,0,1,0,0,0
1232448.3	1,1,0,1,1,1,1
1232450.3	1,1,1,1,1,1,1
AF04-15	0,0,0,1,0,0,0
AF14-18	1,0,0,1,0,1,1
AF18-27	1,1,0,1,0,0,0
AF19-9LB	1,1,0,1,0,0,1
AF24-13	1,0,0,1,0,1,1
AF27-9	1,0,0,1,0,1,1
AF29-4	1,0,0,1,0,0,1
AF31-1	1,0,0,1,0,1,1
AF57-4ACA	0,0,0,1,0,0,1
AF66-15pH9A	0,0,0,1,0,0,0
AFF13-24A	1,1,0,1,0,0,0
AM07-19	1,1,0,1,0,1,1
AM09-31	1,0,0,1,0,0,1
AM22-11AC	0,0,0,1,0,0,1
AM25-9	1,1,0,1,0,0,1
AM27-28LB	1,0,0,1,0,1,1
AM32-2	0,0,0,1,0,0,1
AM35-14	1,1,0,1,0,1,1
AM40-2AC	1,0,0,1,0,0,1
AM51-4	0,0,0,1,0,0,1
AM55-16TS-r	0,0,0,1,0,0,1
AM60-12MH-1A	1,0,0,1,0,1,1
AM75-15pH9A	1,0,0,1,0,0,1
OF13-16	1,0,1,1,1,1,1
OM04-12AA	0,0,0,1,0,0,1
TF09-12AC	1,1,0,1,0,0,1
TF09-2AC	1,0,0,1,0,0,1
TF09-4AC	1,0,0,1,0,1,1
TM06-18	0,0,0,1,0,0,1
GCA_000156015	1,1,1,1,0,1,1
GCA_003175155	1,1,1,1,0,1,1
GCA_900111185	1,1,1,1,0,1,1
GCA_000420985	1,1,1,1,0,1,1
GCA_900129945	1,1,1,1,0,1,1
GCA_000424425	1,1,1,1,0,1,1
GCA_000424565	1,1,1,1,0,1,1
GCA_000420965	1,1,1,1,0,1,1
GCA_000424405	1,1,1,1,0,1,1
GCA_000423985	1,1,1,1,0,1,1
GCA_001858005	1,1,1,1,0,1,1
GCA_900101605	1,1,1,1,0,1,1
GCA_900143205	1,1,1,1,0,1,1
GCA_000424465	1,1,1,1,0,1,1
GCA_900115735	1,1,1,1,0,1,1
GCA_000145035	1,1,1,1,0,1,1
GCA_000621465	1,1,1,1,0,1,1
GCA_000622085	1,1,1,1,0,1,1
GCA_000686965	1,1,1,1,0,1,1
GCA_000686065	1,1,1,1,0,1,1
GCA_000424585	1,1,1,1,0,1,1
GCA_000424545	1,1,1,1,0,1,1
GCA_000420865	1,1,1,1,0,1,1
GCA_000423965	1,1,1,1,0,1,1
GCA_000424525	1,1,1,1,0,1,1
GCA_000421405	1,1,1,1,0,1,1
GCA_000420845	1,1,1,1,0,1,1
GCA_000423945	1,1,1,1,0,1,1
GCA_000424165	1,1,1,1,0,1,1
GCA_000424285	1,1,1,1,0,1,1
GCA_000424145	1,1,1,1,0,1,1
GCA_000424385	1,1,1,1,0,1,1
GCA_000424125	1,1,1,1,0,1,1
GCA_000424265	1,1,1,1,0,1,1
GCA_000423925	1,1,1,1,0,1,1
GCA_000420905	1,1,1,1,0,1,1
GCA_000424485	1,1,1,1,0,1,1
GCA_000703165	1,1,1,1,0,1,1
GCA_000420945	1,1,1,1,0,1,1
GCA_000420825	1,1,1,1,0,1,1
GCA_000424505	1,1,1,1,0,1,1
GCA_000621565	1,1,1,1,0,1,1
GCA_000621605	1,1,1,1,0,1,1
GCA_000702265	1,1,1,1,0,1,1
GCA_000701985	1,1,1,1,0,1,1
GCA_900112195	1,1,1,1,0,1,1
GCA_900102515	1,1,1,1,0,1,1
GCA_900104155	1,1,1,1,0,1,1
GCA_900103635	1,1,1,1,0,1,1
GCA_900116875	1,1,1,1,0,1,1
GCA_900108105	1,1,1,1,0,1,1
GCA_900109475	1,1,1,1,0,1,1
GCA_900116865	1,1,1,1,0,1,1
GCA_003625485	1,1,1,1,0,1,1
GCA_003625505	1,1,1,1,0,1,1
GCA_003625475	1,1,1,1,0,1,1
GCA_900110805	1,1,1,1,0,1,1
GCA_016586355	1,1,1,1,1,0,0
GCA_014131675	1,1,1,1,1,0,0
GCA_014467075	1,1,1,1,1,0,0
GCA_900624715	1,1,1,1,1,0,0
GCA_000185825	1,1,1,1,1,0,0
GCA_001404655	1,1,1,1,1,0,0
GCA_001405715	1,1,1,1,1,0,0
GCA_001404955	1,1,1,1,1,0,0
GCA_001404835	1,1,1,1,1,0,0
GCA_001405635	1,1,1,1,1,0,0
GCA_008416325	1,1,1,1,1,0,0
GCA_013303175	1,1,1,1,1,0,0
GCA_013302855	1,1,1,1,1,0,0
GCA_013302845	1,1,1,1,1,0,0
GCA_013302815	1,1,1,1,1,0,0
GCA_013302785	1,1,1,1,1,0,0
GCA_013302795	1,1,1,1,1,0,0
GCA_013302755	1,1,1,1,1,0,0
GCA_013302745	1,1,1,1,1,0,0
GCA_013302715	1,1,1,1,1,0,0
GCA_013302675	1,1,1,1,1,0,0
GCA_013302685	1,1,1,1,1,0,0
GCA_013302665	1,1,1,1,1,0,0
GCA_013302645	1,1,1,1,1,0,0
GCA_013302605	1,1,1,1,1,0,0
GCA_013302595	1,1,1,1,1,0,0
GCA_013302565	1,1,1,1,1,0,0
GCA_013303185	1,1,1,1,1,0,0
GCA_013302555	1,1,1,1,1,0,0
GCA_013304505	1,1,1,1,1,0,0
GCA_013304555	1,1,1,1,1,0,0
GCA_013302545	1,1,1,1,1,0,0
GCA_013303225	1,1,1,1,1,0,0
GCA_013302455	1,1,1,1,1,0,0
GCA_013302525	1,1,1,1,1,0,0
GCA_013302475	1,1,1,1,1,0,0
GCA_013302465	1,1,1,1,1,0,0
GCA_013302445	1,1,1,1,1,0,0
GCA_013302355	1,1,1,1,1,0,0
GCA_015554695	1,1,1,1,1,0,0
GCA_001998765	1,1,1,1,1,0,0
GCA_000332875	1,1,1,1,1,0,0
GCA_000876135	1,1,1,1,1,0,0
GCA_000210695	1,1,1,1,1,0,0
GCA_005280655	1,1,1,1,1,0,0
GCA_001940315	1,1,1,1,1,0,0
GCA_002270485	1,1,1,1,1,0,0
GCA_018223505	1,1,1,1,1,0,0
GCA_014290215	1,1,1,1,1,0,0
GCA_000185525	1,1,1,1,1,0,0
11861_6_64	1,1,1,1,1,0,0
13154_4_45	1,1,1,1,1,0,0
13670_3_12	1,1,1,1,1,0,0
15841_8_85	1,1,1,1,1,0,0
18048_1_42	1,1,1,1,1,0,0
8080_1_70	1,1,1,1,1,0,0
GCF_000154305	1,1,1,1,1,0,0
GCF_000154545	1,1,1,1,1,0,0
14207_6_11	1,1,1,1,1,0,0
14207_7_32	1,1,1,1,1,0,0
1232447.3	1,1,1,1,1,0,0
AF04-45	1,1,1,1,1,0,0
AF12-30	1,1,1,1,1,0,0
AM100_B11A	1,1,1,1,1,0,0
AM10-38	1,1,1,1,1,0,0
AM21-16	1,1,1,1,1,0,0
AM21-21	1,1,1,1,1,0,0
AM23-7LB	1,1,1,1,1,0,0
AM25-27	1,1,1,1,1,0,0
AM26-1LB	1,1,1,1,1,0,0
AM75-12pH10A	1,1,1,1,1,0,0
OF05-1	1,1,1,1,1,0,0
OF40-10pH9A	1,1,1,1,1,0,0
OM02-26	1,1,1,1,1,0,0
OM13-19BHA	1,1,1,1,1,0,0
TF10-8AT	1,1,1,1,1,0,0
GCA_002735305	1,1,1,1,1,0,1
GCA_015549075	1,1,1,1,1,0,0
GCA_015559645	1,1,1,1,1,0,0
GCA_015556245	1,1,1,1,1,0,0
GCA_015550045	1,1,1,1,1,0,0
GCA_015558055	1,1,1,1,1,0,0
GCA_015667215	1,1,1,1,1,0,0
GCA_015669935	1,1,1,1,1,0,0
GCA_001405615	1,1,1,1,1,0,0
GCA_009718405	1,1,1,1,1,0,0
GCA_009718425	1,1,1,1,1,0,0
GCA_001406815	1,1,1,1,1,0,0
GCA_005845255	1,1,1,1,1,0,0
GCA_015550775	1,1,1,1,1,0,0
GCA_015669665	1,1,1,1,1,0,0
GCA_015559035	1,1,1,1,1,0,0
GCA_015554585	1,1,1,1,1,0,0
GCA_015560015	1,1,1,1,1,0,0
GCA_015557515	1,1,1,1,1,0,0
GCA_015553565	1,1,1,1,1,0,0
GCA_015551295	1,1,1,1,1,0,0
GCA_005844305	1,1,1,1,1,0,0
GCA_009680365	1,1,1,1,1,0,0
GCA_009680205	1,1,1,1,1,0,0
GCA_009680195	1,1,1,1,1,0,0
GCA_009680175	1,1,1,1,1,0,0
GCA_009680395	1,1,1,1,1,0,0
GCA_009680355	1,1,1,1,1,0,0
GCA_009680335	1,1,1,1,1,0,0
GCA_009680315	1,1,1,1,1,0,0
GCA_009680275	1,1,1,1,1,0,0
GCA_009680285	1,1,1,1,1,0,0
GCA_009680245	1,1,1,1,1,0,0
GCA_009680235	1,1,1,1,1,0,0
GCA_013304035	1,1,1,1,1,0,0
GCA_013304025	1,1,1,1,1,0,0
GCA_013303995	1,1,1,1,1,0,0
GCA_013303965	1,1,1,1,1,0,0
GCA_013300775	1,1,1,1,1,0,0
GCA_013299805	1,1,1,1,1,0,0
GCA_013300655	1,1,1,1,1,0,0
GCA_013300675	1,1,1,1,1,0,0
GCA_013300625	1,1,1,1,1,0,0
GCA_013300555	1,1,1,1,1,0,0
GCA_013299675	1,1,1,1,1,0,0
GCA_013300575	1,1,1,1,1,0,0
GCA_013299655	1,1,1,1,1,0,0
GCA_013299645	1,1,1,1,1,0,0
GCA_013300505	1,1,1,1,1,0,0
GCA_013303905	1,1,1,1,1,0,0
GCA_013303875	1,1,1,1,1,0,0
GCA_013303885	1,1,1,1,1,0,0
GCA_013303865	1,1,1,1,1,0,0
GCA_013303945	1,1,1,1,1,0,0
GCA_013303785	1,1,1,1,1,0,0
GCA_013303775	1,1,1,1,1,0,0
GCA_013303845	1,1,1,1,1,0,0
GCA_001404855	1,1,1,1,1,0,0
GCA_001405295	1,1,1,1,1,0,0
GCA_001406375	1,1,1,1,1,0,0
GCA_000020605	1,1,1,1,1,0,0
GCA_000209935	1,1,1,1,1,0,0
GCA_008122485	1,1,1,1,1,0,0
GCA_000209955	1,1,1,1,1,0,0
GCA_018784685	1,1,1,1,1,0,0
GCA_018784725	1,1,1,1,1,0,0
GCA_003122495	1,1,1,1,1,0,0
GCA_001406835	1,1,1,1,1,0,0
GCA_008123415	1,1,1,1,1,0,0
GCA_000701545	1,1,1,1,1,0,1
12718_7_53	1,1,1,1,1,0,0
18048_1_75	1,1,1,1,1,0,0
18048_2_75	1,1,1,1,1,0,0
20287_6_23	1,1,1,1,1,0,0
21673_4_84	1,1,1,1,1,0,0
20427_4_23	1,1,1,1,1,0,0
20427_4_25	1,1,1,1,1,0,0
AF06-19	1,1,1,1,1,0,0
AF12-8	1,1,1,1,1,0,0
AF17-27	1,1,1,1,1,0,0
AF18-16LB	1,1,1,1,1,0,0
AF18-18LB	1,1,1,1,1,0,0
AF19-3AC	1,1,1,1,1,0,0
AF19-4	1,1,1,1,1,0,0
AF24-17	1,1,1,1,1,0,0
AF24-9LB	1,1,1,1,1,0,0
AF25-15	1,1,1,1,1,0,0
AF36-2BH	1,1,1,1,1,0,0
AF38-24	1,1,1,1,1,0,0
AF39-14AC	1,1,1,1,1,0,0
AF67-03PH9	1,1,1,1,1,0,0
AF75-07pH9A	1,1,1,1,1,0,0
AM16-11	1,1,1,1,1,0,0
AM22-4	1,1,1,1,1,0,0
AM26-2LB	1,1,1,1,1,0,0
AM29-10	1,1,1,1,1,0,0
AM30-13AC	1,1,1,1,1,0,0
AM31-7AC	1,1,1,1,1,0,0
AM36-3AA	1,1,1,1,1,0,0
AM42-1	1,1,1,1,1,0,0
AM42-17AT	1,1,1,1,1,0,0
AM44-1AT	1,1,1,1,1,0,0
AM44-2AT	1,1,1,1,1,0,0
AM47-6BH	1,1,1,1,1,0,0
AM48-7	1,1,1,1,1,0,0
AM54-25XD	1,1,1,1,1,0,0
AM97-21	1,1,1,1,1,0,0
OF27-10pH9A	1,1,1,1,1,0,0
OM05-3AA	1,1,1,1,1,0,0
OM05-6AA	1,1,1,1,1,0,0
OM05-8AA	1,1,1,1,1,0,0
OM07-13	1,1,1,1,1,0,0
OM08-12AT	1,1,1,1,1,0,0
TF10-5	1,1,1,1,1,0,0
TF11-15AC	1,1,1,1,1,0,0
TM10-3	1,1,1,1,1,0,0
GCA_000210535	0,1,1,1,1,0,0
GCA_014287855	1,1,1,0,0,1,1
GCA_000218425	0,0,0,1,0,0,0
GCF_000159055	1,1,1,1,1,0,0
411486.3	1,1,1,1,1,0,0
AF02-29	1,1,1,1,1,0,0
AF12-40	1,1,1,1,1,0,0
AF12-41	1,1,1,1,1,0,0
AF20-7	1,1,1,1,1,0,0
AF21-20LB	1,1,1,1,1,0,0
AF22-10	1,1,1,1,1,0,0
AF24-2LB	1,1,1,1,1,0,0
AF24-4LB	0,0,1,1,0,0,0
AF27-5AA	1,1,1,1,1,0,0
AF29-8BH	1,1,1,1,1,0,0
AF32-7AC	1,1,1,1,1,0,0
AF35-15	1,1,1,1,1,0,0
AF36-6	1,1,1,1,1,0,0
AF37-7	1,1,1,1,1,0,0
AF50-3	1,1,1,1,1,0,0
AF55-34	0,0,1,1,0,0,0
AF55-34A	0,0,1,1,0,0,0
AF58-20A	1,1,1,1,1,0,0
AF94-39M2A	1,1,1,1,1,0,0
AF96-34DTA	1,1,1,1,1,0,0
AM05-22	0,0,0,1,0,0,0
AM07-30	0,0,0,1,0,0,0
AM100-PB-1D-18A	1,1,1,1,1,0,0
AM10C-15pH9TA	1,1,1,1,1,0,0
AM18-55	1,1,1,1,1,0,0
AM18-55-r	1,1,1,1,1,0,0
AM27-28	1,1,1,1,1,0,0
AM28-20LB	1,1,1,1,1,0,0
AM29-11AC	1,1,1,1,1,0,0
AM39-1BH	1,1,1,1,1,0,0
AM43-3BH	1,1,1,1,1,0,0
AM48-13	1,1,1,1,1,0,0
AM65-20ACA	1,1,1,1,1,0,0
AM72-19pH9A	1,1,1,1,1,0,0
AM88-09pH10A	1,1,1,1,1,0,0
AM93-12TA	1,1,1,1,1,0,0
OF01-1AC	1,1,1,1,1,0,0
OF13-4	1,1,1,1,1,0,0
OF25-8pH10A	0,0,1,1,0,0,0
OM04-7	1,1,1,1,1,0,0
OM05-5BH	1,1,1,1,1,0,0
OM13-16MHA	1,1,1,1,1,0,0
OM13-25BHA	1,1,1,1,1,0,0
TF06-15AC	1,1,1,1,1,0,0
TF11-13AC	1,1,1,1,1,0,0
GCA_003862485	1,1,1,1,1,0,0
GCA_001552975	1,1,1,1,1,0,0
GCA_000185385	1,1,1,1,1,0,0
GCA_000257705	1,1,1,1,1,0,0
GCA_003589745	1,1,1,1,1,0,0
GCA_000287675	1,1,1,1,1,0,0
GCA_017565785	1,1,1,1,1,0,0
GCA_000512995	1,1,1,1,1,0,0
GCA_000296385	1,1,1,1,1,0,0
GCA_000242315	1,1,1,1,1,0,0
GCA_000209465	1,1,1,1,1,0,0
GCA_900141895	1,1,1,1,1,0,1
GCA_003574295	1,1,1,1,1,0,0
GCA_009718305	0,0,0,1,0,0,0
GCA_015669775	1,1,0,1,0,0,0
GCA_015668255	1,1,0,1,0,0,0
GCA_015670935	0,0,0,1,0,0,0
GCA_001312505	0,0,0,1,0,0,0
GCA_016900155	0,0,0,1,0,0,0
GCA_016902345	0,0,0,1,0,0,0
GCA_016900515	0,0,0,1,0,0,0
GCA_001487105	1,0,0,1,0,0,0
GCA_000218445	0,0,0,1,0,0,0
GCA_000209405	0,0,0,1,0,0,0
GCA_000185545	0,0,0,1,0,0,0
GCA_003584665	1,1,1,1,1,0,0
GCA_014287475	1,1,0,1,0,0,0
GCA_008691045	0,0,0,1,0,0,0
GCA_002160525	0,0,0,1,0,0,0
GCA_002159505	0,0,0,1,0,0,0
GCA_002161355	0,0,0,1,0,0,0
11861_6_59	0,0,0,1,0,0,0
12718_7_86	0,0,0,1,0,0,0
13414_6_30	0,0,0,1,0,0,0
18048_1_60	0,0,0,1,0,0,0
18048_1_83	0,0,0,1,0,0,0
18048_2_60	0,0,0,1,0,0,0
18048_2_83	0,0,0,1,0,0,0
21673_4_25	0,0,0,1,0,0,0
21673_4_8	0,0,0,1,0,0,0
13414_6_31	1,0,0,1,0,0,0
AF04-18B	0,0,0,1,0,0,0
AF12-5	0,0,0,1,0,0,0
AF14-10	1,1,1,1,1,0,0
AF18-22	0,0,0,1,0,0,0
AF19-4LB	1,1,0,1,0,0,0
AF24-16	1,1,0,1,0,0,0
AF25-13	1,0,0,1,0,0,0
AF25-17	1,1,0,1,0,0,0
AF25-3LB	1,1,0,1,0,0,0
AF27-11AA	1,1,0,1,0,0,0
AF27-12AA	1,1,0,1,0,0,0
AF27-3	1,1,0,1,0,0,0
AF31-14BH	1,1,0,1,0,0,0
AF32-2AC	1,1,0,1,0,0,0
AM09-18-1	0,0,0,1,0,0,0
AM09-20-2	0,0,0,1,0,0,0
AM09-9	0,0,0,1,0,0,0
AM100_B1_31A	0,0,0,1,0,0,0
AM100_B33A	1,1,0,1,0,0,0
BF3HA19002B	0,1,0,1,0,0,0
GF3HA19001	0,0,0,1,0,0,0
SF3HA21011B	1,1,0,1,0,0,0
AM16-34	0,0,0,1,0,0,0
AM22-14LB	0,0,0,1,0,0,0
AM22-16	0,0,0,1,0,0,0
AM25-13AC	0,0,0,1,0,0,0
AM25-1LB	0,0,0,1,0,0,0
AM25-24	0,0,0,1,0,0,0
AM27-11LB	0,0,0,1,0,0,0
AM27-27	0,0,0,1,0,0,0
AM27-9LB	0,0,0,1,0,0,0
AM28-7	0,0,0,1,0,0,0
AM29-1	1,1,0,1,0,0,0
AM29-10LB	1,1,0,1,0,0,0
AM29-19LB	1,1,0,1,0,0,0
AM29-1LB	1,1,0,1,0,0,0
AM29-5AC	1,1,0,1,0,0,0
AM33-14	0,0,0,1,0,0,0
AM38-11BH	0,0,0,1,0,0,0
AM41-2AC	1,1,0,1,0,0,0
AM44-6	1,1,0,1,0,0,0
AM49-10BH	1,1,0,1,0,0,0
AM49-8	1,1,0,1,0,0,0
AM57-5	1,1,0,1,0,0,0
AM78-01pH3A	1,0,0,1,0,0,0
OF05-2BH	1,1,0,1,0,0,0
OM02-2LB	1,1,1,1,1,0,0
OM04-4AA	0,0,0,1,0,0,0
OM07-7	1,1,0,1,0,0,0
OM08-13AT	1,1,0,1,0,0,0
TF08-4	1,1,0,1,0,0,0
TF10-12AC	1,1,0,1,0,0,0
TF10-6	1,1,0,1,0,0,0
TF11-7	0,0,0,1,0,0,0
TM13-2A	0,0,0,1,0,0,0
GCA_900111325	1,1,1,1,1,0,0
GCA_000622065	1,1,1,1,1,0,0
GCA_900107245	1,1,1,1,1,0,0
GCA_000421025	1,1,1,1,1,0,0
GCA_900113385	1,1,1,1,1,0,0
GCA_000209815	1,1,1,1,1,0,0
GCA_900218035	1,1,1,1,1,0,0
GCA_000703005	1,1,1,1,1,0,1
GCA_000424305	1,1,1,1,1,0,0
GCA_002735565	1,1,1,1,1,0,0
GCA_000424005	1,1,1,1,1,0,0
GCA_900109715	1,1,1,1,1,0,1
GCA_002735285	1,1,1,1,1,0,1
GCA_008935055	1,1,1,1,1,0,0
GCA_010906925	1,1,1,1,1,0,1
GCA_900103015	1,1,1,1,1,0,1
GCA_900141825	1,1,1,1,1,0,0
GCA_900100545	1,1,1,1,1,0,0
GCA_900107545	1,1,1,1,1,0,1
GCA_900101325	1,1,1,1,1,0,1
GCA_900111635	1,1,1,1,1,0,1
GCA_900115355	1,1,1,1,1,0,0
GCA_000701765	1,1,1,1,1,0,1
GCA_000621865	1,1,1,1,1,0,1
GCA_900112855	1,1,1,1,1,0,1
GCA_900113655	1,1,1,1,1,0,0
GCA_900115215	1,1,1,1,1,0,0
GCA_900104335	1,1,1,1,1,0,0
GCA_000687555	1,1,1,1,1,0,0
GCA_003609635	1,1,1,1,1,0,0
GCA_900205965	1,0,0,1,1,0,0
GCA_900185635	0,0,0,1,0,0,0
GCA_000732605	0,0,0,1,0,0,0
GCA_002797975	0,0,0,1,0,0,0
GCA_000526995	1,1,1,1,0,0,0
GCA_016906045	0,0,0,1,0,0,0
GCA_900461315	0,0,0,1,0,0,0
GCA_900105615	0,0,0,1,0,0,0
GCA_001312385	0,0,0,1,0,0,0
GCA_000144625	0,0,0,1,0,0,0
GCA_016899835	0,0,0,1,0,0,0
GCA_016899555	0,0,0,1,0,0,0
GCA_016900595	0,0,0,1,0,0,0
GCA_900240245	1,0,0,1,0,0,0
GCA_900120345	1,0,0,1,0,0,0
GCA_000733755	0,0,0,1,0,0,0
GCA_000018685	0,0,0,1,0,0,0
GCA_000703105	0,0,0,1,0,0,0
GCA_000702985	0,0,0,1,0,0,0
GCA_014982975	0,0,0,1,0,0,0
GCA_002160985	0,0,0,1,0,0,0
GCA_002160755	0,0,0,1,0,0,0
20298_3_62	1,0,0,1,0,0,0
13414_6_1	0,0,0,1,0,0,0
13470_2_91	0,0,0,1,0,0,0
14207_7_43	0,0,0,1,0,0,0
21673_4_30	0,0,0,1,0,0,0
GCF_900078195	0,0,0,1,0,0,0
1519438.3	0,0,0,1,0,0,0
AF36-15AT	0,0,0,1,0,0,0
AM18-3AC	0,0,0,1,0,0,0
AM58-1XD	1,1,1,1,0,1,1
AM58-8	0,0,0,1,0,0,0
AM65-8A	0,0,0,1,0,0,0
GCA_900100095	1,1,1,1,1,0,0
GCA_900106615	1,1,1,1,1,0,0
GCA_000160115	1,1,1,1,0,1,1
GCA_000524295	1,1,1,1,0,1,1
AF51-6-b8A	1,1,1,1,0,1,1
GCA_000242235	1,1,1,1,1,0,0
GCA_002892395	1,1,1,1,1,0,0
IMG_2926471356	1,1,1,1,1,0,0
GCA_000225345	1,1,1,1,1,0,0
GCA_001406435	1,1,1,1,1,0,0
GCA_009718345	1,1,1,1,1,0,0
GCA_015554785	1,1,1,1,1,0,0
GCA_015555785	1,1,1,1,1,0,0
GCA_900537995	1,1,1,1,1,0,0
GCA_000209995	1,1,1,1,1,0,0
GCA_013300445	1,1,1,1,1,0,0
GCA_009759525	1,1,1,1,1,0,0
GCA_000210655	1,1,1,1,1,0,0
GCA_001406675	1,1,1,1,1,0,0
GCA_001405535	1,1,1,1,1,0,0
GCA_000174195	1,1,1,1,1,0,0
GCA_001406855	1,1,1,1,1,0,0
GCA_001940165	1,1,1,1,1,0,0
GCA_014287515	1,1,1,1,1,0,0
12718_7_64	1,1,1,1,1,0,0
18048_1_58	1,1,1,1,1,0,0
18048_2_58	1,1,1,1,1,0,0
20287_6_44	1,1,1,1,1,0,0
GCF_000156535	1,1,1,1,1,0,0
AF21-31	1,1,1,1,1,0,0
AF22-12AC	1,1,1,1,1,0,0
AF24-4	1,1,1,1,1,0,0
AF28-15	1,1,1,1,1,0,0
AF31-21AC	1,1,1,1,1,0,0
AF36-10AT	1,1,1,1,1,0,0
AF58-9ACA	1,1,1,1,1,0,0
AM22-21LB	1,1,1,1,1,0,0
AM23-20	1,1,1,1,1,0,0
AM23-23AC	1,1,1,1,1,0,0
AM27-11	1,1,1,1,1,0,0
AM32-8LB	1,1,1,1,1,0,0
AM37-1AC	1,1,1,1,1,0,0
AM42-1AC	1,1,1,1,1,0,0
AM43-11	1,1,1,1,1,0,0
AM53-7BH	1,1,1,1,1,0,0
AM62-3A	1,1,1,1,1,0,0
OF03-24	1,1,1,1,1,0,0
GCA_013300195	0,0,0,1,0,0,0
GCA_013301165	0,0,0,1,0,0,0
GCA_013301195	0,0,0,1,0,0,0
GCA_013301175	0,0,0,1,0,0,0
GCA_013300965	0,0,0,1,0,0,0
GCA_013301225	0,0,0,1,0,0,0
GCA_902167965	1,1,1,1,1,0,0
GCA_009830285	0,0,0,1,0,0,0
GCA_001940245	1,1,1,1,1,0,0
GCA_015159595	0,0,0,1,0,0,0
GCA_900095725	0,0,0,1,0,0,0
GCA_000403455	1,0,0,1,0,0,0
GCA_014287705	0,0,0,1,0,0,0
GCA_018228665	0,0,0,1,0,0,0
GCA_900066985	0,0,0,1,0,0,0
GCA_000403495	1,1,1,1,0,1,1
GCA_000403255	1,1,1,1,1,0,1
GCA_900109005	1,1,1,1,1,0,0
GCA_000403315	1,1,1,1,1,0,0
GCA_009911155	1,1,1,1,0,1,1
GCA_009911455	0,0,0,1,0,0,0
GCA_009911465	0,0,0,1,0,0,0
GCA_009911035	1,1,1,1,0,1,1
GCA_900168235	1,1,1,1,0,1,1
GCA_004793545	1,1,1,1,1,0,1
GCA_004793585	0,0,0,1,0,0,0
GCA_009911185	1,1,1,1,1,0,0
GCA_000621425	1,1,1,1,0,1,1
GCA_000702525	1,1,1,1,1,0,0
GCA_000702685	1,1,1,1,0,1,1
GCA_000622025	1,1,1,1,1,0,0
GCA_000621405	1,1,1,1,0,1,1
GCA_014385265	1,1,1,1,1,0,0
GCA_000702145	1,1,1,1,1,0,0
GCA_900103495	1,1,1,0,0,1,1
GCA_900100245	0,0,0,1,0,0,0
GCA_014384925	1,1,1,1,0,1,1
GCA_900114405	1,1,1,1,0,1,1
GCA_009731425	0,0,0,1,0,0,0
GCA_000746015	1,1,1,1,0,1,1
GCA_018223435	0,0,0,1,0,0,0
GCA_000701625	1,1,1,1,0,1,1
GCA_000622105	1,1,1,1,1,0,0
GCA_010206225	0,0,0,1,0,0,0
GCA_010206365	1,1,1,1,0,1,1
GCA_000621905	1,1,1,1,0,1,1
GCA_000687675	1,1,1,1,0,1,1
GCA_000702125	1,1,1,1,0,1,1
GCA_900107575	1,1,1,1,0,1,1
GCA_000420925	1,1,1,1,0,1,1
GCA_000424365	1,1,1,1,0,1,1
GCA_000421045	1,1,1,1,0,1,1
GCA_014384985	1,1,1,1,1,0,0
GCA_014337215	1,1,1,1,0,1,1
GCA_014337195	0,0,0,1,0,0,0
GCA_014337155	1,1,1,1,0,1,1
GCA_900110975	1,1,1,1,0,1,1
GCA_000702085	1,1,1,1,0,1,1
GCA_900115795	1,1,1,0,1,0,1
GCA_900102235	1,1,1,0,0,1,1
GCA_900116395	1,1,1,0,1,0,0
GCA_900102065	1,1,1,1,0,1,1
GCA_900100895	1,1,1,1,0,1,1
GCA_000875945	0,0,0,0,0,0,0
GCA_000621985	1,1,1,1,1,0,0
GCA_018141845	0,0,0,1,0,0,0
GCA_002999035	0,1,0,0,0,0,0
GCA_001940225	1,1,1,1,1,0,0
GCA_014297335	1,1,1,1,1,0,0
GCA_014287635	1,1,1,1,1,0,0
GCA_014287435	1,1,1,0,1,0,0
GCA_002160325	0,0,0,1,0,0,0
GCA_002160135	0,0,0,1,0,0,0
GCA_900625025	1,1,1,1,0,1,1
GCA_002161055	0,0,0,1,0,0,0
12718_7_92	1,1,1,1,1,0,0
12718_7_93	0,0,0,1,0,0,0
13414_6_15	0,0,0,1,0,0,0
13414_6_2	1,1,1,1,0,1,1
13414_6_68	1,1,1,1,0,1,1
13414_6_70	1,1,1,1,1,0,0
13470_2_89	1,1,1,1,1,0,0
14207_7_13	0,0,0,1,0,0,0
14207_7_42	0,0,0,1,0,0,0
18048_1_84	0,0,0,1,0,0,0
18048_1_85	1,1,1,1,1,0,0
18048_2_84	0,0,0,1,0,0,0
18048_2_85	1,1,1,1,1,0,0
20287_6_34	1,0,0,1,0,0,0
20287_6_63	1,0,0,1,0,0,0
20287_6_88	0,0,0,1,0,0,0
20298_3_34	0,0,0,1,0,0,0
21673_4_12	0,0,0,1,0,0,0
21673_4_37	0,0,0,1,0,0,0
21673_4_3	0,0,0,1,0,0,0
21673_4_71	1,1,1,1,1,0,0
8080_1_93	1,1,1,1,1,0,0
1715004.3	0,0,0,1,0,0,0
2067550.5	0,0,0,1,0,0,0
245014.3	1,1,1,1,1,0,0
59620.57	1,1,1,1,1,0,0
AF02-12	1,1,1,1,1,0,0
AF02-42	1,1,1,1,1,0,0
AF02-47	1,1,1,0,1,0,0
AF12-17LB	1,1,1,1,1,0,0
AF12-19	1,1,1,1,1,0,0
AF12-28	1,1,1,1,1,0,0
AF15-21	1,1,1,1,1,0,0
AF15-49	1,1,1,1,0,1,1
AF15-6B	1,1,1,1,0,1,1
AF16-25	1,1,1,1,0,1,1
AF18-31LB	0,0,0,1,0,0,0
AF20-17LB	1,1,1,1,1,0,0
AF20-18LB	1,1,1,1,1,0,0
AF21-14LB	0,0,0,1,0,0,0
AF21-21	0,0,0,1,0,0,0
AF22-2LB	1,1,1,1,1,0,0
AF22-8AC	1,1,1,1,1,0,0
AF23-8	1,1,1,1,0,1,1
AF24-7LB	0,0,0,1,0,0,0
AF25-13AC	0,0,0,1,0,0,0
AF25-13LB	1,1,1,1,1,0,0
AF25-15LB	1,1,1,1,1,0,0
AF25-18LB	1,1,1,1,1,0,0
AF25-25LB	1,1,1,1,1,0,0
AF27-2AA	0,0,0,1,0,0,0
AF28-12	1,1,1,1,1,0,0
AF29-16BH	0,0,0,1,0,0,0
AF31-3BH	0,0,0,1,0,0,0
AF32-12BH	0,0,0,1,0,0,0
AF33-28	0,0,0,1,0,0,0
AF34-13	1,1,1,0,1,0,0
AF34-16	1,1,1,1,1,0,0
AF36-10	1,1,1,1,1,0,0
AF37-5AT	1,1,1,1,1,0,0
AF42-6	0,0,0,1,0,0,0
AF42-8	1,1,1,1,1,0,0
AF43-10	1,1,1,1,0,1,1
AF50-8-r	1,1,1,1,1,0,0
AF51-26b1	0,0,0,1,0,0,0
AF51-3-b8A	1,1,1,1,1,0,0
AF51-7-b10A	1,1,1,1,1,0,0
AF54-6pH10A	1,1,1,1,1,0,0
AF55-24LNA	1,1,1,1,1,0,0
AF58-1A	0,0,0,1,0,0,1
AF58-5ACA	1,1,1,1,1,0,0
AF66-18pH10TA	1,1,1,1,1,0,0
AF67-21pH9TA	1,1,1,0,1,0,0
AF75-08pH9A	1,1,1,1,1,0,0
AF81-08TA	1,1,1,0,1,0,0
AF88-01pH10A	1,1,1,1,1,0,0
AF90S-01pH9BA	0,0,0,1,0,0,0
AF90S-19M2BA	1,1,1,1,1,0,0
AF91-09b3A	1,1,1,1,1,0,0
AF92-12TA	1,1,1,1,1,0,0
AF96-08pH9A	1,1,1,1,1,0,0
AF96-09pH9TA	1,1,1,1,1,0,0
AF96-14M2BTA	1,1,1,1,1,0,0
AF97-08DTA	1,1,1,1,1,0,0
AF97-11M2TA	0,0,0,1,0,0,0
AM100_B13A	0,0,0,1,0,0,0
AM100_B9A	1,1,1,1,1,0,0
AM100_BB17A	1,1,1,1,1,0,0
AM100-PB-1D-34A	0,0,0,1,0,0,0
AM10-31	0,0,0,1,0,0,0
AM10-3A	1,1,1,1,1,0,0
AM13-35	0,0,0,1,0,0,0
AM16-23	1,1,1,1,1,0,0
AM16-25	1,1,1,0,1,0,0
AM22-16AC	1,1,1,1,1,0,0
AM23-16LB	0,0,0,1,0,0,0
AM25-23AC	1,1,1,1,1,0,0
AM27-31LB	1,1,1,0,1,0,0
AM27-36LB	0,0,0,1,0,0,0
AM30-24	1,1,1,1,1,0,0
AM33-3	0,0,0,1,0,0,0
AM34-11AC	1,1,1,1,1,0,0
AM42-36	1,1,1,1,0,1,1
AM42-4	0,0,0,1,0,0,0
AM45-5	1,1,1,1,1,0,0
AM46-1BH	1,1,1,1,1,0,0
AM48-27BH	0,0,0,1,0,0,1
AM49-4BH	1,1,1,1,1,0,0
AM51-8	1,1,1,0,1,0,0
AM53-12	1,1,1,1,0,1,1
AM53-13BH	1,1,1,1,1,0,0
AM59-24XD	1,1,1,1,1,0,0
AM67-14ACA	0,0,0,1,0,0,0
AM73-11pH9A	0,0,0,0,0,0,0
AM88-24TA	1,1,1,1,1,0,0
AM90-07pH9A	0,0,0,1,0,0,1
AM97-56	1,1,1,1,1,0,0
CF03-11TA	1,1,1,1,1,0,0
IF01-08pH9TA	1,1,1,1,1,0,0
OF03-15BH	0,0,0,1,0,0,0
OF03-18AA	1,1,1,1,1,0,0
OF05-3	1,1,1,1,1,0,0
OF09-1	0,0,0,1,0,0,0
OF09-10	1,1,1,1,1,0,0
OF09-33XD	1,1,1,1,0,1,1
OF09-36	0,0,0,1,0,0,0
OF11-28	1,1,1,1,1,0,0
OF27-8pH10A	0,0,0,1,0,0,0
OM02-18AC	0,0,0,1,0,0,0
OM03-18	1,1,1,1,1,0,0
OM03-7AC	1,1,1,1,1,0,0
OM04-10AA	1,1,1,1,1,0,0
OM04-10BH	1,1,1,1,1,0,0
OM04-12BH	1,1,1,1,0,1,1
OM04-15AA	1,1,1,1,1,0,0
OM05-6BH	1,1,1,1,1,0,0
OM05-9BH	1,1,1,1,1,0,0
OM07-10AC	1,1,1,1,1,0,0
OM07-5	0,0,0,1,0,0,0
OM07-9AC	1,1,1,1,1,0,0
OM08-29	1,1,1,1,0,1,1
OM08-6BH	0,0,0,1,0,0,0
TF01-11	1,1,1,0,1,0,0
TF01-6	1,1,1,1,1,0,0
TF08-3AC	1,1,1,0,1,0,0
